mrsw_head: 382.5541062240296
mrsw_error: 2.035795860546955
bs_q: 5852.029424528184
bs_error: 120.77592151448971
head_above_surface_error: 53446
mrsw_head: 382.5541062240296
mrsw_error: 2.035795860546955
bs_q: 5852.029424528184
bs_error: 120.77592151448971
head_above_surface_error: 53446
mrsw_head: 382.5541062240296
mrsw_error: 2.035795860546955
bs_q: 5852.029424528184
bs_error: 120.77592151448971
head_above_surface_error: 53446
mrsw_head: 382.5541062240296
mrsw_error: 2.035795860546955
bs_q: 10488.94543087011
bs_error: 4757.6919278564155
head_above_surface_error: 53446
